*     , Cow , sheep , marine worm , rat , frog , Wild pig , 
Cow    ,0,2939,635,2620,2265,2819
sheep    ,2939,0,637,2606,2250,2803
marine worm    ,635,637,0,625,704,607
rat    ,2620,2606,625,0,2177,2593
frog    ,2265,2250,704,2177,0,2280
Wild pig    ,2819,2803,607,2593,2280,0
